   9.3662232e-02  -7.8203259e-02  -3.5269595e-01
  -2.8832883e-01  -8.1735306e-02  -1.5928428e+00
  -5.8112677e-01  -2.1531239e-01  -1.1842419e+00
  -6.8495670e-02   1.0765663e-01   1.4634518e-02
   7.5756563e-02   1.1694449e-01   1.9691788e-01
   6.1514014e-01  -4.0972591e-01  -2.3744012e+00
  -7.9899097e-01   1.4099062e-01  -9.3913025e-01
  -3.6762570e-01  -7.0357056e-01   9.2546105e-01
   1.2768712e-01  -1.8466076e-01   1.8963478e-01
  -2.0174781e-01  -9.2070482e-01   6.8093529e-01
