  -3.0355482e-01  -9.4687895e-03  -2.5058438e-02  -7.0840563e-02  -5.0403247e-02  -1.8009285e-01   1.1615073e-01  -2.5449122e-02  -6.7227306e-02  -4.6340924e-02
   4.2311708e-02  -7.3733419e-01  -4.6395958e-01   6.6167445e-02  -4.0390266e-02  -3.3079095e-01  -8.3244322e-02  -3.9568920e-01  -2.4187538e-02   4.1467954e-01
  -1.3299723e-02   1.2621385e-02  -6.6231486e-01   1.8486721e-03   2.0530459e-01   2.5768956e-01  -1.3697364e-01  -3.2933144e-03  -4.8252458e-02  -3.2291359e-01
  -7.2852359e-02   3.2653051e-03  -1.6760562e-02  -2.5214563e-01  -3.5984133e-02   2.1724470e-01  -1.2213044e-01   2.5433870e-02   4.5180118e-02   1.2883216e-01
  -6.0323166e-02   2.8840844e-01   5.1406874e-01  -8.8476112e-02  -3.9102929e-01   4.0722413e-01   1.0124434e-01  -4.0870947e-02   1.3927141e-01  -1.3936518e-01
   5.2782090e-02  -2.5659089e-01  -3.0062301e-01   7.3552546e-02  -2.6303223e-01  -1.1588637e+00   8.9395526e-02   3.0668870e-01  -1.8727076e-01   6.4019085e-02
   4.6386856e-02  -2.2522432e-01  -2.7396142e-01   6.4893510e-02  -2.1866248e-01  -1.3865560e-01  -7.0756655e-01   4.0031819e-01  -4.6027020e-02   2.1779572e-01
  -2.0127948e-02   9.9231876e-02   6.5929159e-02  -2.6787203e-02   1.5400933e-01   6.1381712e-02   9.6442036e-02  -1.0005813e+00   6.8391056e-02   7.1099606e-02
  -4.4841417e-02   2.1285325e-01   4.3622234e-01  -6.7169602e-02   1.9979247e-02   1.3009674e-01   1.8128800e-01  -2.7544823e-01  -3.4747581e-01   1.5897158e-01
  -7.9940997e-03   4.1808992e-02  -5.8239471e-02  -8.4527513e-03   1.5544784e-01   2.6319107e-02   4.7392659e-02   7.9361893e-02  -1.1922762e-01  -9.7246722e-01
